1 0 0 0 00:23:57.5599192
1 -0.114501953125 0.030792236328125 -0.027618408203125 00:23:57.6206554
2 0 0 0 00:23:57.6940784
1 -0.1143798828125 0.03070068359375 -0.02734375 00:23:57.7411199
2 -0.109283447265625 -0.02178955078125 -0.048492431640625 00:23:57.7541158
1 -0.114410400390625 0.03021240234375 -0.0279541015625 00:23:57.8604843
3 -0.11553955078125 0.005615234375 -0.0086669921875 00:23:57.8855183
2 -0.10931396484375 -0.022125244140625 -0.048614501953125 00:23:57.9345141
1 -0.11309814453125 0.03076171875 -0.0272216796875 00:23:57.9812079
3 -0.115631103515625 0.005462646484375 -0.008209228515625 00:23:58.0054674
2 -0.10931396484375 -0.022064208984375 -0.048828125 00:23:58.0545103
1 -0.11444091796875 0.030303955078125 -0.02667236328125 00:23:58.1002500
3 -0.11627197265625 0.005096435546875 -0.008148193359375 00:23:58.1252681
2 -0.1085205078125 -0.02197265625 -0.047882080078125 00:23:58.1741699
1 -0.1146240234375 0.030364990234375 -0.02685546875 00:23:58.1601830
2 -0.10919189453125 -0.021697998046875 -0.04827880859375 00:23:58.2345088
1 -0.113861083984375 0.030426025390625 -0.02740478515625 00:23:58.2804203
3 -0.115966796875 0.00537109375 -0.008209228515625 00:23:58.3064088
3 -0.11602783203125 0.005615234375 -0.008087158203125 00:23:58.3053872
1 -0.114593505859375 0.030120849609375 -0.02587890625 00:23:58.4007385
3 -0.115966796875 0.0054931640625 -0.00823974609375 00:23:58.4255116
1 -0.11407470703125 0.0302734375 -0.028289794921875 00:23:58.4602414
2 -0.108734130859375 -0.02227783203125 -0.047943115234375 00:23:58.4744916
2 -0.10955810546875 -0.022003173828125 -0.048370361328125 00:23:58.5345115
3 -0.11572265625 0.0057373046875 -0.00836181640625 00:23:58.5455219
1 -0.113922119140625 0.030731201171875 -0.027008056640625 00:23:58.5805262
2 -0.10882568359375 -0.02227783203125 -0.0484619140625 00:23:58.6540500
3 -0.11578369140625 0.005828857421875 -0.008880615234375 00:23:58.6655603
3 -0.115875244140625 0.00543212890625 -0.008514404296875 00:23:58.7252796
1 -0.11456298828125 0.030120849609375 -0.026641845703125 00:23:58.7600444
2 -0.10882568359375 -0.02203369140625 -0.048126220703125 00:23:58.7740834
2 -0.10931396484375 -0.02252197265625 -0.048675537109375 00:23:58.8343915
3 -0.116058349609375 0.005340576171875 -0.0084228515625 00:23:58.8453724
1 -0.11431884765625 0.0306396484375 -0.02734375 00:23:58.8804540
3 -0.11602783203125 0.005279541015625 -0.0081787109375 00:23:58.9054594
2 -0.108642578125 -0.0220947265625 -0.048553466796875 00:23:58.9538026
1 -0.1141357421875 0.030487060546875 -0.0264892578125 00:23:59.0007051
3 -0.116241455078125 0.005340576171875 -0.0087890625 00:23:59.0253007
1 -0.114471435546875 0.030029296875 -0.02716064453125 00:23:59.0606860
2 -0.108184814453125 -0.022369384765625 -0.049224853515625 00:23:59.0742636
2 -0.109619140625 -0.022186279296875 -0.04833984375 00:23:59.1341184
3 -0.11627197265625 0.005828857421875 -0.008819580078125 00:23:59.1451305
1 -0.1142578125 0.03076171875 -0.02752685546875 00:23:59.1802404
3 -0.1158447265625 0.005828857421875 -0.008026123046875 00:23:59.2053022
2 -0.109222412109375 -0.022216796875 -0.04888916015625 00:23:59.2541312
1 -0.11419677734375 0.030242919921875 -0.02728271484375 00:23:59.3001595
3 -0.1162109375 0.005615234375 -0.008941650390625 00:23:59.3251777
1 -0.11328125 0.02899169921875 -0.028472900390625 00:23:59.3602021
2 -0.1085205078125 -0.02227783203125 -0.049163818359375 00:23:59.3742163
2 -0.109649658203125 -0.02227783203125 -0.048797607421875 00:23:59.4344846
1 -0.114837646484375 0.03173828125 -0.02728271484375 00:23:59.4807572
3 -0.1162109375 0.005401611328125 -0.00830078125 00:23:59.5057676
3 -0.115966796875 0.006256103515625 -0.0084228515625 00:23:59.4454548
2 -0.133697509765625 -0.018585205078125 -0.0633544921875 00:23:59.5542789
1 -0.118682861328125 0.0443115234375 -0.05194091796875 00:23:59.6003928
3 -0.11651611328125 0.005126953125 -0.00830078125 00:23:59.6253592
1 -0.18524169921875 0.04449462890625 -0.030120849609375 00:23:59.6605226
2 -0.14019775390625 -0.058807373046875 -0.01873779296875 00:23:59.7338630
1 -0.17962646484375 0.018798828125 -0.040313720703125 00:23:59.7807980
3 -0.1158447265625 0.00518798828125 -0.008819580078125 00:23:59.8053277
3 -0.11627197265625 0.00531005859375 -0.00860595703125 00:23:59.8063199
2 -0.09930419921875 -0.00830078125 -0.05218505859375 00:23:59.8544151
1 -0.115234375 0.046966552734375 -0.042510986328125 00:23:59.9007231
3 -0.1182861328125 0.005859375 -0.00921630859375 00:23:59.9254577
1 -0.075897216796875 0.104278564453125 -0.089202880859375 00:23:59.9607007
2 -0.06353759765625 0.0196533203125 -0.066009521484375 00:23:59.9740853
2 0.009613037109375 0.111175537109375 -0.0533447265625 00:24:00.0337203
1 0.085113525390625 0.025115966796875 -0.0003662109375 00:24:00.0807537
3 -0.1153564453125 0.0059814453125 -0.009033203125 00:24:00.1054233
3 -0.1160888671875 0.005767822265625 -0.00970458984375 00:24:00.1064261
2 -0.042755126953125 0.103118896484375 -0.07403564453125 00:24:00.1545034
1 0.03875732421875 0.085723876953125 -0.043701171875 00:24:00.2003910
1 0.06048583984375 0.070953369140625 -0.039093017578125 00:24:00.2603844
2 -0.073577880859375 0.070465087890625 -0.07666015625 00:24:00.2742288
2 -0.078460693359375 0.0760498046875 -0.09417724609375 00:24:00.3344522
3 -0.116302490234375 0.005645751953125 -0.008544921875 00:24:00.3464646
3 -0.11602783203125 0.00518798828125 -0.0087890625 00:24:00.3454634
1 0.073394775390625 0.0550537109375 0.0130615234375 00:24:00.3807106
3 -0.11572265625 0.00555419921875 -0.008544921875 00:24:00.4057412
2 -0.068878173828125 -0.010284423828125 -0.090240478515625 00:24:00.4537936
1 0.01605224609375 0.08935546875 -0.052215576171875 00:24:00.5004502
3 -0.1162109375 0.005706787109375 -0.008697509765625 00:24:00.5257514
1 0.138519287109375 0.04815673828125 0.02325439453125 00:24:00.5603584
2 -0.039794921875 0.11712646484375 -0.04620361328125 00:24:00.5745262
2 -0.034271240234375 0.1181640625 -0.054229736328125 00:24:00.6339409
3 -0.115631103515625 0.0057373046875 -0.008544921875 00:24:00.6449513
1 0.11676025390625 0.034759521484375 0.045196533203125 00:24:00.6807750
3 -0.11578369140625 0.005157470703125 -0.008941650390625 00:24:00.7056969
1 0.14715576171875 0.058868408203125 0.019775390625 00:24:00.8001570
2 -0.036773681640625 0.109771728515625 -0.057769775390625 00:24:00.8752123
3 -0.116180419921875 0.005157470703125 -0.0081787109375 00:24:00.8852267
2 -0.07879638671875 0.0174560546875 0.010711669921875 00:24:00.9338128
1 0.11224365234375 0.0799560546875 -0.028472900390625 00:24:00.9806083
3 -0.11578369140625 0.005615234375 -0.009033203125 00:24:01.0050175
3 -0.116241455078125 0.005615234375 -0.009185791015625 00:24:01.0060217
2 -0.040771484375 0.11981201171875 -0.04541015625 00:24:01.0539813
1 0.1300048828125 0.040130615234375 0.007781982421875 00:24:01.1006079
3 -0.116363525390625 0.004913330078125 -0.008392333984375 00:24:01.1256697
1 0.1107177734375 0.047454833984375 0.051971435546875 00:24:01.1608065
2 -0.035430908203125 0.111236572265625 -0.061614990234375 00:24:01.1743140
2 -0.041107177734375 0.083770751953125 -0.05987548828125 00:24:01.2338686
1 0.123504638671875 0.076751708984375 0.007965087890625 00:24:01.2803763
3 -0.1156005859375 0.005462646484375 -0.00885009765625 00:24:01.3048081
3 -0.11572265625 0.005340576171875 -0.008209228515625 00:24:01.3058067
2 -0.0531005859375 0.108489990234375 -0.0650634765625 00:24:01.3540139
1 0.12103271484375 0.073974609375 0.026702880859375 00:24:01.4002784
3 -0.116455078125 0.005615234375 -0.009368896484375 00:24:01.4252563
1 0.097747802734375 0.078125 0.1090087890625 00:24:01.4607135
2 -0.0467529296875 0.1107177734375 -0.066558837890625 00:24:01.4745164
2 -0.0386962890625 0.095855712890625 -0.045654296875 00:24:01.5343631
3 -0.116180419921875 0.00579833984375 -0.008056640625 00:24:01.5453889
1 0.127777099609375 0.054656982421875 0.0318603515625 00:24:01.5803363
3 -0.115753173828125 0.00543212890625 -0.0087890625 00:24:01.6057842
2 -0.0443115234375 0.10968017578125 -0.0595703125 00:24:01.6538302
1 0.1124267578125 0.041412353515625 0.056304931640625 00:24:01.7001434
3 -0.116302490234375 0.00537109375 -0.00860595703125 00:24:01.7251551
1 0.111602783203125 0.0555419921875 0.005523681640625 00:24:01.7601996
2 -0.038482666015625 0.09051513671875 -0.097869873046875 00:24:01.7742142
2 -0.04248046875 0.10784912109375 -0.061004638671875 00:24:01.8344441
3 -0.115325927734375 0.005645751953125 -0.00830078125 00:24:01.8448694
1 0.11505126953125 0.073822021484375 0.020294189453125 00:24:01.8807132
3 -0.11566162109375 0.00537109375 -0.0084228515625 00:24:01.9059131
2 -0.047027587890625 0.1090087890625 -0.06683349609375 00:24:01.9540335
1 0.02618408203125 0.0711669921875 -0.16510009765625 00:24:02.0000512
3 -0.11572265625 0.005126953125 -0.00823974609375 00:24:02.0253452
1 0.12841796875 0.0726318359375 0.02117919921875 00:24:02.0603700
2 -0.06292724609375 0.11962890625 -0.05145263671875 00:24:02.0741879
2 -0.04620361328125 0.1055908203125 -0.0533447265625 00:24:02.1340247
3 -0.115264892578125 0.005279541015625 -0.009033203125 00:24:02.1450321
1 0.113311767578125 0.05206298828125 0.057342529296875 00:24:02.1806958
2 -0.075164794921875 0.08453369140625 -0.02398681640625 00:24:02.2545567
1 0.23779296875 0.05462646484375 0.061920166015625 00:24:02.3000441
3 -0.1156005859375 0.00531005859375 -0.00872802734375 00:24:02.3250451
3 -0.11566162109375 0.005523681640625 -0.008575439453125 00:24:02.3280473
2 -0.042449951171875 0.086669921875 -0.055572509765625 00:24:02.3740893
2 -0.051483154296875 0.10980224609375 -0.071044921875 00:24:02.4336845
3 -0.115570068359375 0.005126953125 -0.00872802734375 00:24:02.4456926
1 0.1156005859375 0.037109375 0.055206298828125 00:24:02.4807251
3 -0.115966796875 0.0048828125 -0.00872802734375 00:24:02.5058309
2 -0.054290771484375 0.076904296875 -0.109161376953125 00:24:02.5537901
1 0.107818603515625 0.0570068359375 -0.023406982421875 00:24:02.6007473
3 -0.11541748046875 0.00543212890625 -0.008331298828125 00:24:02.6257685
2 -0.04144287109375 0.11944580078125 -0.039886474609375 00:24:02.6743306
2 -0.0509033203125 0.110626220703125 -0.06671142578125 00:24:02.7346392
1 0.03265380859375 0.147186279296875 -0.217376708984375 00:24:02.7806902
3 -0.11614990234375 0.005035400390625 -0.008270263671875 00:24:02.8051973
3 -0.115753173828125 0.005096435546875 -0.008575439453125 00:24:02.8061963
2 -0.07867431640625 0.090240478515625 -0.09478759765625 00:24:02.8542303
1 0.090972900390625 0.12060546875 -0.026519775390625 00:24:02.9000517
1 0.08392333984375 0.105926513671875 -0.032745361328125 00:24:02.9606942
2 -0.069854736328125 0.071563720703125 -0.072967529296875 00:24:02.9742440
3 -0.115997314453125 0.00537109375 -0.009033203125 00:24:02.9858450
2 -0.078094482421875 0.069427490234375 -0.067535400390625 00:24:03.0339183
3 -0.11578369140625 0.0054931640625 -0.008026123046875 00:24:03.0458871
1 0.0789794921875 0.0748291015625 0.001861572265625 00:24:03.0809277
3 -0.11590576171875 0.00555419921875 -0.008880615234375 00:24:03.1059300
2 -0.0772705078125 0.067047119140625 -0.067840576171875 00:24:03.1546218
1 0.08062744140625 0.096588134765625 -0.018310546875 00:24:03.2003747
3 -0.115997314453125 0.0054931640625 -0.00836181640625 00:24:03.2253912
1 0.06756591796875 0.079132080078125 -0.0721435546875 00:24:03.2598558
2 -0.080902099609375 0.0489501953125 -0.077911376953125 00:24:03.2743695
2 -0.081817626953125 0.025970458984375 -0.086639404296875 00:24:03.3344351
3 -0.1175537109375 0.004241943359375 -0.008575439453125 00:24:03.3454442
1 0.037261962890625 0.06610107421875 -0.110260009765625 00:24:03.3806999
3 -0.11590576171875 0.005401611328125 -0.009002685546875 00:24:03.4057066
2 -0.0810546875 0.01910400390625 -0.082366943359375 00:24:03.4547387
1 0.003753662109375 0.001983642578125 -0.10101318359375 00:24:03.5000187
3 -0.115264892578125 0.00537109375 -0.008392333984375 00:24:03.5259943
1 0.008331298828125 0.089385986328125 -0.09234619140625 00:24:03.5604264
2 -0.079833984375 0.016082763671875 -0.078369140625 00:24:03.5743970
2 -0.0811767578125 0.00555419921875 -0.082489013671875 00:24:03.6346158
3 -0.11578369140625 0.005584716796875 -0.008148193359375 00:24:03.7057786
1 0.00537109375 0.115692138671875 -0.049530029296875 00:24:03.7408269
2 -0.08868408203125 0.00445556640625 -0.0955810546875 00:24:03.7538070
3 -0.11553955078125 0.005218505859375 -0.00799560546875 00:24:03.7057786
3 -0.115875244140625 0.005401611328125 -0.008697509765625 00:24:03.8258380
1 -0.06829833984375 0.10296630859375 -0.032379150390625 00:24:03.8598484
2 -0.107513427734375 -0.008148193359375 -0.065948486328125 00:24:03.9346625
3 -0.11614990234375 0.00579833984375 -0.00689697265625 00:24:03.9456780
1 -0.1112060546875 0.086273193359375 -0.028564453125 00:24:03.9812699
3 -0.115966796875 0.00616455078125 -0.008758544921875 00:24:04.0058981
2 -0.11468505859375 -0.037567138671875 -0.0694580078125 00:24:04.0539257
1 -0.142120361328125 0.050872802734375 -0.074249267578125 00:24:04.1007447
1 -0.132476806640625 0.00726318359375 -0.046356201171875 00:24:04.1602425
2 -0.09832763671875 -0.0269775390625 -0.0689697265625 00:24:04.2354787
3 -0.115966796875 0.00537109375 -0.008209228515625 00:24:04.2454866
1 0 0 0 00:24:04.2810174
3 -0.11590576171875 0.0045166015625 -0.00860595703125 00:24:04.3049467
3 0 0 0 00:24:04.3059461
