1 0 0 0 00:23:03.2628656
2 0 0 0 00:23:03.3938738
1 -0.118865966796875 0.0203857421875 -0.0179443359375 00:23:03.4394334
3 0 0 0 00:23:03.4645115
2 -0.108795166015625 -0.02862548828125 -0.046844482421875 00:23:03.5140500
1 -0.118804931640625 0.02117919921875 -0.018341064453125 00:23:03.5600980
2 -0.107879638671875 -0.028533935546875 -0.04742431640625 00:23:03.6336570
1 -0.117767333984375 0.020721435546875 -0.01922607421875 00:23:03.6802545
3 -0.1156005859375 0.00518798828125 -0.008819580078125 00:23:03.7053197
2 -0.10894775390625 -0.028228759765625 -0.046539306640625 00:23:03.7541077
1 -0.1180419921875 0.0206298828125 -0.016937255859375 00:23:03.7400871
2 -0.1082763671875 -0.028778076171875 -0.047119140625 00:23:03.8137068
3 -0.115936279296875 0.005218505859375 -0.00836181640625 00:23:03.8246906
1 -0.1185302734375 0.020538330078125 -0.017974853515625 00:23:03.8597150
3 -0.115570068359375 0.00555419921875 -0.008819580078125 00:23:03.8852036
2 -0.108306884765625 -0.028076171875 -0.046356201171875 00:23:03.9340929
1 -0.11773681640625 0.0211181640625 -0.01806640625 00:23:03.9801208
3 -0.11553955078125 0.005615234375 -0.0081787109375 00:23:04.0043957
1 -0.11810302734375 0.021331787109375 -0.018463134765625 00:23:04.0394406
3 -0.11590576171875 0.0052490234375 -0.0084228515625 00:23:04.1250055
1 -0.118408203125 0.0201416015625 -0.01849365234375 00:23:04.1602472
3 -0.11529541015625 0.005584716796875 -0.0079345703125 00:23:04.1852777
2 -0.10833740234375 -0.02874755859375 -0.04669189453125 00:23:04.2335726
1 -0.1180419921875 0.020416259765625 -0.018035888671875 00:23:04.2798285
3 -0.11627197265625 0.005096435546875 -0.0086669921875 00:23:04.3049121
1 -0.1175537109375 0.02044677734375 -0.01806640625 00:23:04.3399762
2 -0.108062744140625 -0.02862548828125 -0.0457763671875 00:23:04.3539874
2 -0.108856201171875 -0.028228759765625 -0.045989990234375 00:23:04.4139556
1 -0.11834716796875 0.02099609375 -0.017303466796875 00:23:04.4600104
3 -0.116546630859375 0.00494384765625 -0.00897216796875 00:23:04.4852176
2 -0.107177734375 -0.028350830078125 -0.046966552734375 00:23:04.5339021
1 -0.11834716796875 0.020660400390625 -0.0191650390625 00:23:04.5800070
3 -0.116058349609375 0.00567626953125 -0.00836181640625 00:23:04.6051970
1 -0.118377685546875 0.021270751953125 -0.01708984375 00:23:04.6402599
2 -0.108612060546875 -0.0281982421875 -0.047027587890625 00:23:04.6532529
2 -0.1085205078125 -0.027862548828125 -0.0474853515625 00:23:04.7140041
3 -0.11663818359375 0.00555419921875 -0.008575439453125 00:23:04.7250029
1 -0.118133544921875 0.02093505859375 -0.0179443359375 00:23:04.7598938
3 -0.116119384765625 0.005645751953125 -0.008270263671875 00:23:04.7849522
2 -0.108673095703125 -0.02838134765625 -0.04742431640625 00:23:04.8330812
1 -0.118377685546875 0.020599365234375 -0.018035888671875 00:23:04.8801059
3 -0.116058349609375 0.00543212890625 -0.0084228515625 00:23:04.9046438
2 -0.108306884765625 -0.0283203125 -0.047027587890625 00:23:04.9536658
1 -0.118408203125 0.020355224609375 -0.0179443359375 00:23:05.0597584
3 -0.115753173828125 0.0054931640625 -0.008636474609375 00:23:05.0852791
2 -0.108184814453125 -0.02874755859375 -0.04754638671875 00:23:05.1335021
1 -0.1177978515625 0.020477294921875 -0.016937255859375 00:23:05.1801882
3 -0.115447998046875 0.00518798828125 -0.008453369140625 00:23:05.2051850
1 -0.118011474609375 0.021270751953125 -0.01776123046875 00:23:05.2397740
2 -0.108428955078125 -0.027984619140625 -0.046722412109375 00:23:05.2537869
2 -0.107696533203125 -0.028533935546875 -0.047698974609375 00:23:05.3140095
3 -0.115692138671875 0.005340576171875 -0.00872802734375 00:23:05.3244917
1 -0.118438720703125 0.02117919921875 -0.018768310546875 00:23:05.3595166
2 -0.10858154296875 -0.02813720703125 -0.04766845703125 00:23:05.4333723
3 -0.115570068359375 0.005645751953125 -0.008636474609375 00:23:05.3850235
3 -0.115997314453125 0.005279541015625 -0.008392333984375 00:23:05.5047934
1 -0.11767578125 0.020416259765625 -0.01806640625 00:23:05.5398187
2 -0.108367919921875 -0.0289306640625 -0.047332763671875 00:23:05.5538277
1 -0.118743896484375 0.0201416015625 -0.016143798828125 00:23:05.6002089
3 -0.116241455078125 0.00579833984375 -0.008209228515625 00:23:05.6247314
1 -0.11767578125 0.020538330078125 -0.018157958984375 00:23:05.6597708
3 -0.116180419921875 0.005645751953125 -0.008087158203125 00:23:05.6852923
2 -0.108612060546875 -0.028656005859375 -0.047515869140625 00:23:05.7336637
1 -0.118072509765625 0.021240234375 -0.01806640625 00:23:05.7799538
3 -0.11627197265625 0.00555419921875 -0.00830078125 00:23:05.8052341
1 -0.1187744140625 0.0208740234375 -0.017852783203125 00:23:05.8402563
2 -0.108154296875 -0.028656005859375 -0.04742431640625 00:23:05.9138183
1 -0.11859130859375 0.020660400390625 -0.0184326171875 00:23:05.9601870
3 -0.11590576171875 0.0052490234375 -0.008056640625 00:23:05.9853634
2 -0.109649658203125 -0.027374267578125 -0.04949951171875 00:23:06.0335967
3 -0.116058349609375 0.0054931640625 -0.00836181640625 00:23:06.1048318
1 -0.11883544921875 0.019073486328125 -0.028533935546875 00:23:06.1398686
2 -0.110687255859375 -0.03619384765625 -0.0506591796875 00:23:06.1538606
2 -0.1092529296875 -0.0418701171875 -0.051177978515625 00:23:06.2139925
3 -0.115570068359375 0.0048828125 -0.008758544921875 00:23:06.2850741
2 -0.117828369140625 -0.0380859375 -0.05731201171875 00:23:06.3338266
1 -0.134979248046875 0.00537109375 -0.028289794921875 00:23:06.3802402
2 -0.1099853515625 -0.1197509765625 -0.0439453125 00:23:06.4539933
1 -0.140594482421875 0.032135009765625 -0.0289306640625 00:23:06.5002569
1 -0.13189697265625 0.042510986328125 -0.05126953125 00:23:06.5594022
2 -0.097442626953125 -0.02490234375 -0.053680419921875 00:23:06.6335167
3 -0.115631103515625 0.005645751953125 -0.008453369140625 00:23:06.6445228
3 -0.1158447265625 0.004974365234375 -0.0084228515625 00:23:06.7053518
1 -0.081939697265625 0.035675048828125 -0.079986572265625 00:23:06.7396923
2 -0.07061767578125 -0.010711669921875 -0.09185791015625 00:23:06.8139882
3 -0.115966796875 0.005218505859375 -0.007904052734375 00:23:06.8248890
1 -0.05267333984375 0.046173095703125 -0.086669921875 00:23:06.8599091
3 -0.116180419921875 0.005523681640625 -0.008544921875 00:23:06.8849312
2 -0.059539794921875 -0.005645751953125 -0.10211181640625 00:23:06.9335528
1 -0.044403076171875 0.04473876953125 -0.09368896484375 00:23:06.9799502
3 -0.1156005859375 0.00543212890625 -0.0086669921875 00:23:07.0046160
1 -0.00531005859375 0.0640869140625 -0.091644287109375 00:23:07.0398785
2 -0.041778564453125 0.022064208984375 -0.09918212890625 00:23:07.0538927
2 -0.03021240234375 0.053955078125 -0.108428955078125 00:23:07.1140127
3 -0.11639404296875 0.005523681640625 -0.008941650390625 00:23:07.1250402
3 -0.116119384765625 0.005706787109375 -0.0087890625 00:23:07.1847205
1 0.03265380859375 0.055267333984375 -0.08367919921875 00:23:07.1600064
2 -0.029052734375 0.05450439453125 -0.116790771484375 00:23:07.2330958
1 0.05078125 0.03387451171875 -0.087921142578125 00:23:07.2802065
3 -0.115509033203125 0.005157470703125 -0.0076904296875 00:23:07.3051242
1 0.046173095703125 0.030853271484375 -0.0859375 00:23:07.3402191
2 -0.037506103515625 0.05584716796875 -0.118255615234375 00:23:07.3532318
2 -0.03497314453125 0.032867431640625 -0.113128662109375 00:23:07.4134638
3 -0.115997314453125 0.0052490234375 -0.00860595703125 00:23:07.4244562
1 0.02447509765625 0.045013427734375 -0.084014892578125 00:23:07.4594823
3 -0.116119384765625 0.00537109375 -0.00811767578125 00:23:07.4852941
2 -0.019989013671875 0.0218505859375 -0.100921630859375 00:23:07.5339727
1 0.000274658203125 0.039703369140625 -0.1002197265625 00:23:07.5798637
1 -0.014068603515625 0.037322998046875 -0.113006591796875 00:23:07.6399999
3 -0.115966796875 0.005340576171875 -0.00897216796875 00:23:07.6649984
2 -0.006988525390625 -0.025604248046875 -0.112701416015625 00:23:07.7138052
3 -0.115997314453125 0.005645751953125 -0.007537841796875 00:23:07.7845096
1 -0.0194091796875 0.0213623046875 -0.116180419921875 00:23:07.7599567
3 -0.1160888671875 0.0052490234375 -0.00830078125 00:23:07.9050450
1 -0.023284912109375 0.02288818359375 -0.121917724609375 00:23:07.8796146
2 -0.00994873046875 -0.0211181640625 -0.12506103515625 00:23:07.9530786
1 -0.025909423828125 0.020233154296875 -0.12933349609375 00:23:07.9400694
2 -0.006256103515625 -0.018798828125 -0.123046875 00:23:08.0131293
3 -0.115966796875 0.00543212890625 -0.008544921875 00:23:08.0851794
1 -0.0189208984375 0.020965576171875 -0.1207275390625 00:23:08.0601621
2 -0.003509521484375 -0.0223388671875 -0.118011474609375 00:23:08.1338789
1 -0.026123046875 0.01446533203125 -0.1221923828125 00:23:08.1799115
3 -0.11480712890625 0.006072998046875 -0.0084228515625 00:23:08.2044635
1 -0.022674560546875 0.02410888671875 -0.118377685546875 00:23:08.2396209
2 -0.004852294921875 -0.026611328125 -0.119781494140625 00:23:08.2533965
2 0.000244140625 -0.024383544921875 -0.119293212890625 00:23:08.3139488
3 -0.116485595703125 0.005523681640625 -0.008880615234375 00:23:08.3249694
1 -0.018798828125 0.0133056640625 -0.11993408203125 00:23:08.3599938
3 -0.115692138671875 0.005523681640625 -0.00836181640625 00:23:08.3860020
2 0.00225830078125 -0.018035888671875 -0.120849609375 00:23:08.4334955
1 -0.021881103515625 0.008697509765625 -0.117523193359375 00:23:08.4795289
3 -0.11578369140625 0.00518798828125 -0.008697509765625 00:23:08.5051685
2 0.0048828125 -0.02716064453125 -0.119140625 00:23:08.5536276
2 0.0042724609375 -0.028778076171875 -0.118316650390625 00:23:08.6138121
3 -0.115966796875 0.0057373046875 -0.0087890625 00:23:08.6247635
3 -0.1162109375 0.00543212890625 -0.009033203125 00:23:08.6845109
1 -0.0235595703125 0.0048828125 -0.118927001953125 00:23:08.6602207
2 0.0050048828125 -0.02960205078125 -0.119537353515625 00:23:08.9131990
3 -0.11553955078125 0.0048828125 -0.009002685546875 00:23:08.9252084
1 -0.026031494140625 0.004547119140625 -0.117828369140625 00:23:08.9601349
3 -0.11541748046875 0.004974365234375 -0.008056640625 00:23:08.9851522
2 0.0040283203125 -0.02850341796875 -0.117889404296875 00:23:09.0336981
1 -0.024993896484375 0.002532958984375 -0.1163330078125 00:23:09.0798881
3 -0.1163330078125 0.005767822265625 -0.00830078125 00:23:09.1044089
1 -0.02459716796875 0.002655029296875 -0.117828369140625 00:23:09.1396706
2 0.00482177734375 -0.0291748046875 -0.118408203125 00:23:09.1536656
2 0.004486083984375 -0.030609130859375 -0.118896484375 00:23:09.2132531
3 -0.11566162109375 0.005889892578125 -0.008026123046875 00:23:09.2252620
1 -0.02471923828125 0.0052490234375 -0.1181640625 00:23:09.2602796
3 -0.1156005859375 0.005584716796875 -0.008209228515625 00:23:09.2851784
2 0.00469970703125 -0.029632568359375 -0.11822509765625 00:23:09.3333852
1 -0.024566650390625 0.003875732421875 -0.117828369140625 00:23:09.3801530
3 -0.11614990234375 0.005523681640625 -0.008270263671875 00:23:09.4048470
2 0.004425048828125 -0.030426025390625 -0.1181640625 00:23:09.4539822
1 -0.02447509765625 0.00469970703125 -0.117706298828125 00:23:09.4402323
3 -0.115570068359375 0.005218505859375 -0.00830078125 00:23:09.5250565
1 -0.02484130859375 0.003570556640625 -0.11810302734375 00:23:09.5600818
3 -0.11572265625 0.005584716796875 -0.008636474609375 00:23:09.5850037
2 0.00518798828125 -0.031036376953125 -0.118316650390625 00:23:09.6336668
1 -0.025787353515625 0.003814697265625 -0.118438720703125 00:23:09.6801895
3 -0.116058349609375 0.005889892578125 -0.00836181640625 00:23:09.7052393
1 -0.024627685546875 0.003326416015625 -0.117523193359375 00:23:09.7401525
2 0.005340576171875 -0.030303955078125 -0.118011474609375 00:23:09.7538233
3 0 0 0 00:23:09.7648268
2 0 0 0 00:23:09.8143709
1 0 0 0 00:23:09.8003584
