1 0 0 0 00:07:25.3044216
1 -0.11846923828125 0.040985107421875 -0.008331298828125 00:07:25.3620244
2 0 0 0 00:07:25.4351130
1 -0.114776611328125 0.049407958984375 -0.015106201171875 00:07:25.4815069
2 -0.11614990234375 0.0260009765625 -0.015625 00:07:25.4950931
1 -0.108642578125 0.042083740234375 -0.014251708984375 00:07:25.6019474
1 -0.117156982421875 0.049163818359375 -0.01239013671875 00:07:25.6620118
2 -0.118133544921875 0.0355224609375 -0.01544189453125 00:07:25.6154826
2 -0.121734619140625 0.02099609375 -0.011871337890625 00:07:25.7355652
2 -0.119903564453125 0.0274658203125 -0.01165771484375 00:07:25.7950163
1 -0.115081787109375 0.045440673828125 -0.00677490234375 00:07:25.7815978
1 -0.112640380859375 0.0430908203125 -0.009124755859375 00:07:25.9020541
1 -0.11273193359375 0.041595458984375 -0.011260986328125 00:07:25.9616181
2 -0.118255615234375 0.02801513671875 -0.015411376953125 00:07:26.0357522
3 -0.115692138671875 0.0040283203125 -0.010467529296875 00:07:26.0465081
1 -0.113311767578125 0.044036865234375 -0.010467529296875 00:07:26.0819704
2 -0.118621826171875 0.03155517578125 -0.017486572265625 00:07:26.1551856
1 -0.111663818359375 0.048095703125 -0.013153076171875 00:07:26.2012169
3 -0.1163330078125 0.004058837890625 -0.010345458984375 00:07:26.1671941
1 -0.1114501953125 0.049285888671875 -0.01361083984375 00:07:26.2612646
2 -0.116912841796875 0.03289794921875 -0.017852783203125 00:07:26.2758133
3 -0.116302490234375 0.003662109375 -0.010955810546875 00:07:26.2868237
2 -0.1177978515625 0.032073974609375 -0.01849365234375 00:07:26.3352948
1 -0.11138916015625 0.04901123046875 -0.0126953125 00:07:26.3812402
3 -0.115570068359375 0.00372314453125 -0.00994873046875 00:07:26.4063618
2 -0.116851806640625 0.03240966796875 -0.019622802734375 00:07:26.4552169
3 -0.115203857421875 0.004058837890625 -0.010772705078125 00:07:26.4662418
1 -0.111846923828125 0.047515869140625 -0.01397705078125 00:07:26.5013766
1 -0.111419677734375 0.045928955078125 -0.012969970703125 00:07:26.5614674
3 -0.115814208984375 0.00384521484375 -0.010040283203125 00:07:26.5874624
2 -0.117462158203125 0.0306396484375 -0.017120361328125 00:07:26.6357637
1 -0.111907958984375 0.047637939453125 -0.012298583984375 00:07:26.6820584
2 -0.11785888671875 0.032440185546875 -0.01641845703125 00:07:26.7553762
1 -0.111968994140625 0.04840087890625 -0.011749267578125 00:07:26.8013502
3 -0.116058349609375 0.00396728515625 -0.0108642578125 00:07:26.8263778
3 -0.115997314453125 0.00390625 -0.0111083984375 00:07:26.8273759
3 -0.11553955078125 0.00396728515625 -0.00994873046875 00:07:26.8862424
2 -0.1177978515625 0.02996826171875 -0.016510009765625 00:07:26.9349047
1 -0.112091064453125 0.0465087890625 -0.011627197265625 00:07:26.9819282
2 -0.1181640625 0.031280517578125 -0.015594482421875 00:07:27.0557313
3 -0.11627197265625 0.00347900390625 -0.0108642578125 00:07:27.0667396
3 -0.115875244140625 0.004119873046875 -0.010498046875 00:07:27.0677403
1 -0.112640380859375 0.047149658203125 -0.009796142578125 00:07:27.1017785
1 -0.112091064453125 0.047393798828125 -0.012237548828125 00:07:27.1619925
2 -0.1177978515625 0.03125 -0.01605224609375 00:07:27.1750415
3 -0.115753173828125 0.003662109375 -0.0107421875 00:07:27.1870107
2 -0.11676025390625 0.03057861328125 -0.015625 00:07:27.2351221
1 -0.112030029296875 0.04766845703125 -0.010040283203125 00:07:27.2819407
3 -0.11541748046875 0.003814697265625 -0.010498046875 00:07:27.3070778
2 -0.11773681640625 0.032806396484375 -0.016265869140625 00:07:27.3551554
3 -0.11602783203125 0.003082275390625 -0.010772705078125 00:07:27.3661688
1 -0.111785888671875 0.048370361328125 -0.01116943359375 00:07:27.4022067
1 -0.113616943359375 0.048736572265625 -0.01092529296875 00:07:27.4618520
3 -0.1160888671875 0.00408935546875 -0.01123046875 00:07:27.4861709
1 -0.111724853515625 0.04742431640625 -0.00982666015625 00:07:27.5819944
2 -0.11907958984375 0.028839111328125 -0.012237548828125 00:07:27.6556491
1 -0.112945556640625 0.045562744140625 -0.006439208984375 00:07:27.7016133
3 -0.115875244140625 0.004302978515625 -0.00982666015625 00:07:27.6676162
1 -0.113067626953125 0.044189453125 -0.0069580078125 00:07:27.7614399
2 -0.118865966796875 0.029296875 -0.0123291015625 00:07:27.7754528
3 -0.11590576171875 0.00390625 -0.010894775390625 00:07:27.7864598
2 -0.118011474609375 0.0299072265625 -0.01318359375 00:07:27.8357515
1 -0.11297607421875 0.0457763671875 -0.008148193359375 00:07:27.8817901
3 -0.115753173828125 0.0042724609375 -0.01025390625 00:07:27.9068173
2 -0.119232177734375 0.028472900390625 -0.0125732421875 00:07:27.9558653
3 -0.116058349609375 0.0045166015625 -0.010986328125 00:07:27.9668761
1 -0.11328125 0.045257568359375 -0.00714111328125 00:07:28.0016464
1 -0.113861083984375 0.044525146484375 -0.005279541015625 00:07:28.0617514
2 -0.119476318359375 0.0269775390625 -0.012115478515625 00:07:28.0757613
3 -0.11541748046875 0.003936767578125 -0.010345458984375 00:07:28.0867294
2 -0.1207275390625 0.024688720703125 -0.013214111328125 00:07:28.1358278
1 -0.1151123046875 0.056640625 -0.008392333984375 00:07:28.1818463
3 -0.1156005859375 0.00396728515625 -0.010772705078125 00:07:28.2069864
2 -0.120086669921875 0.0379638671875 -0.01690673828125 00:07:28.2558141
3 -0.116119384765625 0.004364013671875 -0.01025390625 00:07:28.2671350
1 -0.11102294921875 0.08380126953125 -0.0064697265625 00:07:28.3013297
1 -0.09735107421875 0.09161376953125 -0.008880615234375 00:07:28.3620629
2 -0.11138916015625 0.058135986328125 -0.026123046875 00:07:28.3750747
3 -0.115936279296875 0.00396728515625 -0.010498046875 00:07:28.3870823
2 -0.098663330078125 0.0701904296875 -0.034088134765625 00:07:28.4358224
3 -0.115753173828125 0.00408935546875 -0.010772705078125 00:07:28.5070943
3 -0.115936279296875 0.003997802734375 -0.01019287109375 00:07:28.5662157
1 -0.07745361328125 0.1038818359375 -0.014434814453125 00:07:28.6018324
1 -0.063201904296875 0.10626220703125 -0.021026611328125 00:07:28.6621854
2 -0.07147216796875 0.1044921875 -0.055023193359375 00:07:28.7359098
1 -0.0419921875 0.11956787109375 -0.03729248046875 00:07:28.7814511
3 -0.115966796875 0.004241943359375 -0.010406494140625 00:07:28.8067588
3 -0.1158447265625 0.00335693359375 -0.010498046875 00:07:28.8074409
2 -0.06317138671875 0.094085693359375 -0.06427001953125 00:07:28.8556554
3 -0.11614990234375 0.004302978515625 -0.010711669921875 00:07:28.8666106
1 -0.0384521484375 0.115936279296875 -0.050262451171875 00:07:28.9017615
1 -0.033447265625 0.099853515625 -0.068572998046875 00:07:28.9621077
2 -0.062286376953125 0.081024169921875 -0.0791015625 00:07:28.9751281
3 -0.115875244140625 0.00384521484375 -0.01092529296875 00:07:28.9864797
2 -0.048980712890625 0.07232666015625 -0.10137939453125 00:07:29.0355709
1 -0.02685546875 0.08099365234375 -0.0906982421875 00:07:29.0818182
3 -0.11553955078125 0.004180908203125 -0.0103759765625 00:07:29.1068197
2 -0.04803466796875 0.055267333984375 -0.11737060546875 00:07:29.1558121
3 -0.1158447265625 0.003875732421875 -0.01043701171875 00:07:29.1661215
1 -0.01727294921875 0.0606689453125 -0.110626220703125 00:07:29.2020979
1 -0.011383056640625 0.038665771484375 -0.108917236328125 00:07:29.2619569
2 -0.03472900390625 0.037994384765625 -0.114166259765625 00:07:29.2749666
3 -0.11553955078125 0.004180908203125 -0.011138916015625 00:07:29.2869734
2 -0.028778076171875 0.010223388671875 -0.126983642578125 00:07:29.3357738
1 -0.003326416015625 0.03173828125 -0.12744140625 00:07:29.3812603
3 -0.115814208984375 0.0035400390625 -0.0103759765625 00:07:29.4062767
2 -0.013336181640625 -0.00738525390625 -0.116790771484375 00:07:29.4558165
3 -0.116180419921875 0.004241943359375 -0.010406494140625 00:07:29.4670005
1 0.003662109375 0.005218505859375 -0.113861083984375 00:07:29.5013984
1 0.01031494140625 -0.025604248046875 -0.10992431640625 00:07:29.5620529
2 0.00018310546875 -0.02362060546875 -0.1107177734375 00:07:29.5750082
3 -0.115875244140625 0.004241943359375 -0.010284423828125 00:07:29.5870146
2 0.005096435546875 -0.039031982421875 -0.112701416015625 00:07:29.6358107
1 9.1552734375E-05 -0.0340576171875 -0.114654541015625 00:07:29.6813173
2 -0.005462646484375 -0.0399169921875 -0.10052490234375 00:07:29.7558107
1 -0.00091552734375 -0.03253173828125 -0.108917236328125 00:07:29.8018493
3 -0.115234375 0.003570556640625 -0.010467529296875 00:07:29.7668514
1 0.011749267578125 -0.022613525390625 -0.110626220703125 00:07:29.8618961
2 -0.00726318359375 -0.037017822265625 -0.109771728515625 00:07:29.8749049
2 -0.0023193359375 -0.0267333984375 -0.106964111328125 00:07:29.9355855
3 -0.115997314453125 0.00360107421875 -0.0108642578125 00:07:29.8869134
3 -0.115997314453125 0.003662109375 -0.01019287109375 00:07:30.0061381
2 0.00384521484375 -0.0123291015625 -0.11285400390625 00:07:30.0551775
1 0.024200439453125 -0.01922607421875 -0.109375 00:07:30.1017306
1 0.021148681640625 0.003753662109375 -0.117645263671875 00:07:30.1614139
2 -0.009796142578125 -0.016754150390625 -0.11004638671875 00:07:30.1757561
3 -0.1158447265625 0.003875732421875 -0.010498046875 00:07:30.1864851
3 -0.115814208984375 0.004150390625 -0.010101318359375 00:07:30.1874832
2 -0.010009765625 -0.003021240234375 -0.122894287109375 00:07:30.2357260
1 0.02935791015625 -0.040679931640625 -0.0582275390625 00:07:30.2820216
3 -0.115386962890625 0.00396728515625 -0.01031494140625 00:07:30.3066005
2 -0.016143798828125 0.03607177734375 -0.087646484375 00:07:30.3550904
3 -0.115753173828125 0.003753662109375 -0.01092529296875 00:07:30.3671011
1 0.055755615234375 0.05853271484375 -0.200347900390625 00:07:30.4011397
1 0.049468994140625 -0.00946044921875 -0.111724853515625 00:07:30.4616091
2 0.0078125 -0.02874755859375 -0.126861572265625 00:07:30.4750866
3 -0.115447998046875 0.00421142578125 -0.010955810546875 00:07:30.4861051
2 0.0098876953125 -0.014801025390625 -0.133819580078125 00:07:30.5356988
1 0.043365478515625 -0.02276611328125 -0.11407470703125 00:07:30.5819332
2 0.004486083984375 -0.019561767578125 -0.110137939453125 00:07:30.6556983
1 0.035369873046875 -0.036224365234375 -0.10675048828125 00:07:30.7017288
3 -0.115631103515625 0.0035400390625 -0.010345458984375 00:07:30.6666916
3 -0.11602783203125 0.00408935546875 -0.0106201171875 00:07:30.7865769
2 0.0057373046875 -0.030853271484375 -0.11822509765625 00:07:30.7755696
2 0.004608154296875 -0.034423828125 -0.11322021484375 00:07:30.8356267
1 0.035247802734375 -0.0389404296875 -0.10797119140625 00:07:30.8812192
2 0.0062255859375 -0.026611328125 -0.12060546875 00:07:30.9556587
1 0.035186767578125 -0.032745361328125 -0.112030029296875 00:07:31.0015399
3 -0.1160888671875 0.0040283203125 -0.010528564453125 00:07:31.0280630
1 0.0350341796875 -0.0396728515625 -0.1112060546875 00:07:31.0614777
2 0.00250244140625 -0.032989501953125 -0.123992919921875 00:07:31.0754876
3 -0.115814208984375 0.004364013671875 -0.0107421875 00:07:31.0280630
3 -0.1156005859375 0.003814697265625 -0.01043701171875 00:07:31.0864980
2 0.005218505859375 -0.032135009765625 -0.11737060546875 00:07:31.1353801
1 0.034332275390625 -0.0372314453125 -0.112152099609375 00:07:31.1820854
2 0.004974365234375 -0.033782958984375 -0.117279052734375 00:07:31.2554425
1 0.03399658203125 -0.0369873046875 -0.111175537109375 00:07:31.3014636
1 0.0345458984375 -0.03240966796875 -0.112518310546875 00:07:31.3620017
2 0.005889892578125 -0.03082275390625 -0.1192626953125 00:07:31.3754861
3 -0.115570068359375 0.003814697265625 -0.0106201171875 00:07:31.3864960
2 0.003997802734375 -0.031646728515625 -0.11810302734375 00:07:31.4357831
1 0.037200927734375 -0.038848876953125 -0.110809326171875 00:07:31.4815322
3 -0.115875244140625 0.003875732421875 -0.010650634765625 00:07:31.5071537
2 0.0042724609375 -0.031585693359375 -0.11798095703125 00:07:31.5553871
1 0.03460693359375 -0.03619384765625 -0.111083984375 00:07:31.6020565
3 -0.11590576171875 0.004241943359375 -0.01019287109375 00:07:31.6270370
1 0.037017822265625 -0.038665771484375 -0.110443115234375 00:07:31.6619322
2 0.005340576171875 -0.0306396484375 -0.12054443359375 00:07:31.6748987
2 -0.0010986328125 -0.0355224609375 -0.122283935546875 00:07:31.7357700
1 0.030914306640625 -0.03741455078125 -0.11285400390625 00:07:31.7817979
3 -0.1160888671875 0.00390625 -0.00958251953125 00:07:31.8068533
3 -0.115570068359375 0.00396728515625 -0.011474609375 00:07:31.8068533
2 -0.0025634765625 -0.038330078125 -0.11407470703125 00:07:31.8555562
3 -0.115875244140625 0.003448486328125 -0.01031494140625 00:07:31.8665661
1 0.017578125 -0.054840087890625 -0.107269287109375 00:07:31.9020558
1 0.01019287109375 0.05029296875 -0.055633544921875 00:07:31.9619709
2 -0.011627197265625 0.01104736328125 -0.078460693359375 00:07:31.9751114
3 -0.115997314453125 0.0037841796875 -0.010223388671875 00:07:31.9861200
2 -0.029144287109375 0.048248291015625 -0.07049560546875 00:07:32.0358198
1 -0.02734375 0.073455810546875 -0.039215087890625 00:07:32.0820555
3 -0.115478515625 0.00384521484375 -0.01019287109375 00:07:32.1070737
3 -0.115875244140625 0.00408935546875 -0.010040283203125 00:07:32.1670517
1 -0.060821533203125 0.037384033203125 -0.105682373046875 00:07:32.2623645
3 -0.1162109375 0.004180908203125 -0.010040283203125 00:07:32.2873604
2 -0.087371826171875 0.00616455078125 -0.124755859375 00:07:32.3353961
1 -0.12640380859375 0.022186279296875 -0.132843017578125 00:07:32.3815305
3 -0.11572265625 0.003631591796875 -0.010986328125 00:07:32.4065337
2 -0.102508544921875 0.013885498046875 -0.087646484375 00:07:32.4558054
3 -0.1158447265625 0.003875732421875 -0.01043701171875 00:07:32.4670018
1 -0.16552734375 -0.00677490234375 -0.0487060546875 00:07:32.5016169
1 -0.19171142578125 0.050689697265625 -0.0421142578125 00:07:32.5612391
2 -0.143157958984375 0.014801025390625 -0.0531005859375 00:07:32.5752507
3 -0.115753173828125 0.00408935546875 -0.010345458984375 00:07:32.5862585
2 -0.172607421875 -0.100250244140625 -0.06732177734375 00:07:32.6354814
1 -0.080230712890625 0.129730224609375 -0.048370361328125 00:07:32.6814289
2 -0.11602783203125 0.092987060546875 -0.023590087890625 00:07:32.7557812
1 -0.104949951171875 0.052520751953125 0.016021728515625 00:07:32.8018142
3 -0.116119384765625 0.00384521484375 -0.01055908203125 00:07:32.8268328
1 -0.115203857421875 0.0281982421875 -0.005767822265625 00:07:32.8618752
2 -0.1142578125 0.02459716796875 -0.0137939453125 00:07:32.8748707
3 -0.115692138671875 0.004180908203125 -0.0098876953125 00:07:32.8273203
3 -0.11572265625 0.00408935546875 -0.0108642578125 00:07:32.8868805
2 -0.11602783203125 0.018585205078125 -0.006866455078125 00:07:32.9354179
3 -0.1156005859375 0.004547119140625 -0.0106201171875 00:07:33.0070408
1 -0.116241455078125 0.03338623046875 0.000640869140625 00:07:32.9820223
2 -0.121063232421875 0.021270751953125 -0.01019287109375 00:07:33.0551471
3 -0.115936279296875 0.003692626953125 -0.010345458984375 00:07:33.0661541
1 -0.115570068359375 0.04620361328125 0.002838134765625 00:07:33.1020466
1 -0.111236572265625 0.04559326171875 -0.005096435546875 00:07:33.1620528
2 -0.1142578125 0.03399658203125 -0.022064208984375 00:07:33.1750744
3 -0.11553955078125 0.00372314453125 -0.00970458984375 00:07:33.1870727
2 -0.1190185546875 0.02752685546875 -0.021148681640625 00:07:33.2356293
1 -0.119659423828125 0.034149169921875 -0.023834228515625 00:07:33.2818800
3 -0.11627197265625 0.004119873046875 -0.01025390625 00:07:33.3070474
2 -0.118560791015625 0.034088134765625 -0.025360107421875 00:07:33.3555305
3 -0.11602783203125 0.003753662109375 -0.0106201171875 00:07:33.3664776
1 -0.114990234375 0.049560546875 -0.0098876953125 00:07:33.4017248
1 -0.1156005859375 0.040313720703125 -0.003753662109375 00:07:33.4620530
2 -0.1195068359375 0.026580810546875 -0.01531982421875 00:07:33.4752042
3 -0.1156005859375 0.00408935546875 -0.01031494140625 00:07:33.4862124
2 -0.11810302734375 0.02874755859375 -0.01531982421875 00:07:33.5357920
1 -0.114410400390625 0.04205322265625 -0.002777099609375 00:07:33.5820093
3 -0.11602783203125 0.00390625 -0.010833740234375 00:07:33.6071246
2 -0.11724853515625 0.030975341796875 -0.015777587890625 00:07:33.6553421
3 -0.115814208984375 0.00421142578125 -0.01019287109375 00:07:33.6663353
1 -0.1131591796875 0.043731689453125 -0.001678466796875 00:07:33.7013734
1 -0.114166259765625 0.04364013671875 -0.00250244140625 00:07:33.7614100
2 -0.11767578125 0.02886962890625 -0.01580810546875 00:07:33.7754195
3 -0.115936279296875 0.00421142578125 -0.010589599609375 00:07:33.7864273
2 -0.119781494140625 0.027008056640625 -0.014434814453125 00:07:33.8354624
1 -0.115570068359375 0.041259765625 -0.00494384765625 00:07:33.8814968
2 -0.119842529296875 0.0294189453125 -0.016387939453125 00:07:33.9555522
3 -0.11639404296875 0.0037841796875 -0.010498046875 00:07:33.9665609
3 -0.1158447265625 0.003814697265625 -0.0098876953125 00:07:33.9675620
1 -0.116546630859375 0.040313720703125 -0.005126953125 00:07:34.0015853
1 -0.1240234375 0.046844482421875 -0.00994873046875 00:07:34.0611835
2 -0.123626708984375 0.029510498046875 -0.01434326171875 00:07:34.0751904
3 -0.115875244140625 0.00347900390625 -0.010589599609375 00:07:34.0861879
2 -0.130615234375 0.006256103515625 -0.029693603515625 00:07:34.1357290
1 -0.137664794921875 0.067108154296875 -0.0540771484375 00:07:34.1817770
3 -0.116241455078125 0.003692626953125 -0.0098876953125 00:07:34.2067948
2 -0.150634765625 0.00439453125 -0.060455322265625 00:07:34.2558385
3 -0.115966796875 0.00360107421875 -0.0108642578125 00:07:34.2668459
1 -0.164581298828125 0.04681396484375 -0.08758544921875 00:07:34.3018707
1 -0.136810302734375 0.018768310546875 -0.113739013671875 00:07:34.3619201
3 -0.1162109375 0.0040283203125 -0.010833740234375 00:07:34.3869536
2 -0.129364013671875 0.012054443359375 -0.099334716796875 00:07:34.4354927
2 -0.096954345703125 0.002838134765625 -0.1083984375 00:07:34.4364887
1 -0.102386474609375 0.025054931640625 -0.109222412109375 00:07:34.4818140
2 -0.0684814453125 -0.000457763671875 -0.10455322265625 00:07:34.5556573
1 -0.0751953125 0.0225830078125 -0.089508056640625 00:07:34.6012944
3 -0.11590576171875 0.004425048828125 -0.010345458984375 00:07:34.5666690
1 -0.04241943359375 0.005340576171875 -0.094024658203125 00:07:34.6619267
2 -0.04412841796875 -0.0181884765625 -0.103179931640625 00:07:34.6749372
3 -0.115936279296875 0.003997802734375 -0.010772705078125 00:07:34.7468432
1 0.00067138671875 -0.011016845703125 -0.084808349609375 00:07:34.7818693
3 -0.116058349609375 0.00390625 -0.010528564453125 00:07:34.8069187
2 -0.011077880859375 -0.01806640625 -0.083709716796875 00:07:34.8550772
1 0.021759033203125 -0.0020751953125 -0.078155517578125 00:07:34.9014823
3 -0.115814208984375 0.004425048828125 -0.0101318359375 00:07:34.9263516
1 0.042694091796875 0.004486083984375 -0.081512451171875 00:07:34.9613144
2 0.002777099609375 -0.00079345703125 -0.104156494140625 00:07:34.9752692
3 -0.1153564453125 0.00384521484375 -0.0107421875 00:07:34.9862881
2 0.000244140625 0.004791259765625 -0.106414794921875 00:07:35.0357449
1 0.039703369140625 0.001861572265625 -0.0916748046875 00:07:35.0813717
3 -0.11553955078125 0.003570556640625 -0.0111083984375 00:07:35.1072507
3 -0.115692138671875 0.00433349609375 -0.01025390625 00:07:35.1669293
1 0.0328369140625 -0.010284423828125 -0.089508056640625 00:07:35.2019371
1 0.018951416015625 -0.1597900390625 -0.199493408203125 00:07:35.2619941
2 0.006500244140625 -0.029693603515625 -0.088897705078125 00:07:35.2750042
3 -0.116302490234375 0.004058837890625 -0.010223388671875 00:07:35.2870127
2 0.01129150390625 0.053924560546875 -0.134552001953125 00:07:35.3357990
1 0.038177490234375 -0.001556396484375 -0.120452880859375 00:07:35.3816199
3 -0.11578369140625 0.003875732421875 -0.01068115234375 00:07:35.4065940
2 0.016021728515625 0.001251220703125 -0.114288330078125 00:07:35.4552353
1 0.03338623046875 -0.032318115234375 -0.107421875 00:07:35.5012705
2 0.015594482421875 -0.0120849609375 -0.11962890625 00:07:35.6356473
1 0.0361328125 -0.021484375 -0.11578369140625 00:07:35.6817283
2 0.011962890625 -0.01171875 -0.12353515625 00:07:35.7551226
1 0.03564453125 -0.016876220703125 -0.116058349609375 00:07:35.8011522
3 -0.115875244140625 0.004150390625 -0.011077880859375 00:07:35.7661274
3 -0.1162109375 0.004150390625 -0.009796142578125 00:07:35.7671290
1 0.03228759765625 -0.022247314453125 -0.109222412109375 00:07:35.8613778
2 0.014312744140625 -0.022369384765625 -0.116119384765625 00:07:35.8750298
3 -0.11572265625 0.003631591796875 -0.0108642578125 00:07:35.8870255
2 0.013916015625 -0.019287109375 -0.120269775390625 00:07:35.9355637
2 0.0128173828125 -0.021820068359375 -0.118194580078125 00:07:36.0556548
3 -0.11602783203125 0.003936767578125 -0.01031494140625 00:07:36.0666626
1 0.035369873046875 -0.018585205078125 -0.114532470703125 00:07:36.1617321
3 -0.115997314453125 0.004180908203125 -0.01019287109375 00:07:36.1867494
2 0.0150146484375 -0.019775390625 -0.123626708984375 00:07:36.2348937
1 0.034942626953125 -0.02069091796875 -0.11480712890625 00:07:36.2813895
3 -0.116119384765625 0.00408935546875 -0.01031494140625 00:07:36.3066784
2 0.014251708984375 -0.022918701171875 -0.1192626953125 00:07:36.3554458
1 0.0360107421875 -0.0224609375 -0.113555908203125 00:07:36.4014588
1 0.03472900390625 -0.0203857421875 -0.11517333984375 00:07:36.4616356
3 -0.115966796875 0.003692626953125 -0.01092529296875 00:07:36.4866537
2 0.01324462890625 -0.02459716796875 -0.117462158203125 00:07:36.5351492
1 0.03607177734375 -0.02337646484375 -0.114288330078125 00:07:36.5820153
2 0.014739990234375 -0.024810791015625 -0.118682861328125 00:07:36.6558065
3 -0.115631103515625 0.0037841796875 -0.0108642578125 00:07:36.6668468
3 -0.116180419921875 0.004638671875 -0.010589599609375 00:07:36.6678197
3 -0.11566162109375 0.00360107421875 -0.010009765625 00:07:36.7869144
2 0.015228271484375 -0.02301025390625 -0.118865966796875 00:07:36.8357113
1 0.0367431640625 -0.022918701171875 -0.113525390625 00:07:36.9420153
3 -0.11517333984375 0.003875732421875 -0.009979248046875 00:07:36.9673550
3 -0.115997314453125 0.004302978515625 -0.010650634765625 00:07:36.9673550
1 0.037017822265625 -0.023590087890625 -0.112548828125 00:07:37.0632460
3 -0.116180419921875 0.003631591796875 -0.010894775390625 00:07:37.0862252
2 0.01519775390625 -0.023468017578125 -0.1207275390625 00:07:37.1357949
1 0.035797119140625 -0.019805908203125 -0.115386962890625 00:07:37.1819900
3 -0.11566162109375 0.003936767578125 -0.010223388671875 00:07:37.2069568
2 0.0146484375 -0.023681640625 -0.119140625 00:07:37.2551461
1 0.0374755859375 -0.020416259765625 -0.113311767578125 00:07:37.3019485
1 0.035797119140625 -0.021514892578125 -0.113250732421875 00:07:37.3616776
3 -0.115814208984375 0.003387451171875 -0.010467529296875 00:07:37.3867043
2 0.01519775390625 -0.025360107421875 -0.118743896484375 00:07:37.4349577
1 0.036376953125 -0.0218505859375 -0.113922119140625 00:07:37.4812995
3 -0.115234375 0.00408935546875 -0.010986328125 00:07:37.5069335
2 0.015594482421875 -0.0272216796875 -0.119537353515625 00:07:37.5555308
1 0.0380859375 -0.022796630859375 -0.113250732421875 00:07:37.6013915
1 0.038421630859375 -0.022491455078125 -0.119720458984375 00:07:37.6618847
2 0.016754150390625 -0.021484375 -0.122406005859375 00:07:37.6758412
2 -0.0029296875 -0.007415771484375 -0.122772216796875 00:07:37.7350558
3 -0.11590576171875 0.00421142578125 -0.010894775390625 00:07:37.7470126
1 0.0130615234375 0.00030517578125 -0.135345458984375 00:07:37.7820400
3 -0.1160888671875 0.004058837890625 -0.01080322265625 00:07:37.8069200
2 -0.005157470703125 -0.0712890625 -0.047515869140625 00:07:37.8553650
1 -0.01605224609375 0.071258544921875 -0.0123291015625 00:07:37.9017735
3 -0.115936279296875 0.0042724609375 -0.010589599609375 00:07:37.8663736
3 -0.11566162109375 0.00390625 -0.011199951171875 00:07:37.9868547
2 -0.042144775390625 0.028106689453125 -0.03363037109375 00:07:37.9758341
2 -0.065826416015625 0.073211669921875 -0.055419921875 00:07:38.0358091
1 -0.0811767578125 0.046142578125 -0.04693603515625 00:07:38.0820427
2 -0.063934326171875 0.07867431640625 -0.130889892578125 00:07:38.1553938
3 -0.115966796875 0.003631591796875 -0.010833740234375 00:07:38.1674028
1 -0.14666748046875 0.05517578125 -0.082183837890625 00:07:38.2015688
3 -0.115447998046875 0.00384521484375 -0.010040283203125 00:07:38.2866257
2 -0.20660400390625 0.04827880859375 -0.0596923828125 00:07:38.3357913
1 -0.227447509765625 0.114776611328125 -0.00433349609375 00:07:38.3817089
2 -0.1434326171875 0.10443115234375 -0.02801513671875 00:07:38.4554171
1 -0.113861083984375 0.126800537109375 0.05914306640625 00:07:38.5014540
3 -0.11602783203125 0.00384521484375 -0.0098876953125 00:07:38.4674312
1 -0.1131591796875 0.048004150390625 0.027862548828125 00:07:38.5620657
2 -0.09234619140625 0.02752685546875 -0.01922607421875 00:07:38.5750617
3 -0.11614990234375 0.00421142578125 -0.01092529296875 00:07:38.5870715
2 -0.122406005859375 0.003570556640625 -0.00286865234375 00:07:38.6357923
1 -0.109619140625 0.05694580078125 0.031646728515625 00:07:38.6818840
2 -0.1055908203125 0.030181884765625 -0.01171875 00:07:38.7554955
1 -0.097381591796875 0.05609130859375 0.00213623046875 00:07:38.8025288
1 -0.100311279296875 0.044891357421875 -0.023223876953125 00:07:38.8620116
2 -0.101593017578125 0.031585693359375 -0.0426025390625 00:07:38.8755780
3 -0.1156005859375 0.00360107421875 -0.010284423828125 00:07:38.8865858
2 -0.11236572265625 0.020782470703125 -0.04779052734375 00:07:38.9356154
1 -0.128509521484375 0.02227783203125 -0.018890380859375 00:07:38.9816476
2 -0.118927001953125 0.004974365234375 -0.032440185546875 00:07:39.0557074
3 -0.116241455078125 0.0045166015625 -0.010833740234375 00:07:39.0687179
3 -0.11627197265625 0.004302978515625 -0.010986328125 00:07:39.0687179
1 -0.117462158203125 0.02874755859375 -0.029296875 00:07:39.1017580
1 -0.1185302734375 0.0355224609375 -0.02166748046875 00:07:39.1620404
2 -0.120361328125 0.014190673828125 -0.014892578125 00:07:39.1750535
3 -0.115966796875 0.004241943359375 -0.01055908203125 00:07:39.2462903
1 -0.12237548828125 0.04248046875 -0.022796630859375 00:07:39.2820117
2 -0.130279541015625 0.02081298828125 -0.0037841796875 00:07:39.3556973
1 -0.10595703125 0.03228759765625 -0.018768310546875 00:07:39.4016747
1 -0.088134765625 0.012054443359375 -0.022796630859375 00:07:39.4618918
2 -0.104034423828125 0.0177001953125 -0.01513671875 00:07:39.4748621
3 -0.115875244140625 0.004058837890625 -0.010223388671875 00:07:39.4868847
2 -0.120269775390625 0.00439453125 -0.00146484375 00:07:39.5350675
1 -0.12554931640625 0.01318359375 -0.0181884765625 00:07:39.5821646
3 -0.11566162109375 0.004241943359375 -0.00994873046875 00:07:39.6070506
2 -0.11859130859375 -0.021331787109375 0.003326416015625 00:07:39.6551253
1 -0.11395263671875 0.00384521484375 -0.05450439453125 00:07:39.7022535
3 -0.11572265625 0.004119873046875 -0.009918212890625 00:07:39.7269980
1 -0.09332275390625 -0.008331298828125 0.0072021484375 00:07:39.7620677
2 -0.106536865234375 -0.00848388671875 -0.039459228515625 00:07:39.7750782
3 -0.117218017578125 0.005035400390625 -0.01080322265625 00:07:39.7860860
2 -0.153594970703125 -0.058746337890625 0.003326416015625 00:07:39.8357887
1 -0.156982421875 0.032012939453125 -0.033721923828125 00:07:39.8820134
3 -0.115692138671875 0.0050048828125 -0.011505126953125 00:07:39.9069071
2 -0.110870361328125 -0.025299072265625 0.00030517578125 00:07:39.9557147
3 -0.11456298828125 0.00439453125 -0.009124755859375 00:07:39.9666682
1 -0.121368408203125 -0.0015869140625 -0.002838134765625 00:07:40.0016943
1 -0.125152587890625 0.026824951171875 0.00103759765625 00:07:40.0617698
2 -0.127716064453125 -0.022216796875 -0.002349853515625 00:07:40.0757382
3 -0.1153564453125 0.0047607421875 -0.010284423828125 00:07:40.0867315
2 -0.125213623046875 -0.02294921875 -0.03436279296875 00:07:40.1358158
1 -0.100555419921875 0.03369140625 -0.020355224609375 00:07:40.1814824
3 -0.117156982421875 0.003631591796875 -0.01068115234375 00:07:40.2068705
2 -0.13372802734375 -0.01641845703125 0.005462646484375 00:07:40.2557880
3 -0.11529541015625 0.0045166015625 -0.010162353515625 00:07:40.2670182
1 -0.120391845703125 0.033203125 -0.04071044921875 00:07:40.3020435
1 -0.1048583984375 0.068450927734375 -0.02423095703125 00:07:40.3621732
2 -0.138427734375 0.010162353515625 -0.000152587890625 00:07:40.3751842
3 -0.116607666015625 0.004547119140625 -0.010833740234375 00:07:40.3861937
2 -0.119354248046875 0.015289306640625 0.005859375 00:07:40.4355201
1 -0.10235595703125 0.058502197265625 -0.020233154296875 00:07:40.4818213
2 -0.120635986328125 0.01885986328125 -0.005584716796875 00:07:40.5554033
1 -0.102325439453125 0.076080322265625 -0.01220703125 00:07:40.6013850
3 -0.115447998046875 0.00457763671875 -0.009613037109375 00:07:40.5663602
2 -0.1248779296875 0.036407470703125 -0.011260986328125 00:07:40.6758652
1 -0.0958251953125 0.07354736328125 -0.01519775390625 00:07:40.6618552
3 -0.115753173828125 0.004547119140625 -0.010498046875 00:07:40.5673609
3 -0.114959716796875 0.003997802734375 -0.009368896484375 00:07:40.7464879
1 -0.09478759765625 0.078125 -0.018890380859375 00:07:40.7821627
3 -0.117095947265625 0.00482177734375 -0.01031494140625 00:07:40.8071821
2 -0.12060546875 0.032257080078125 -0.010955810546875 00:07:40.8558204
3 -0.11553955078125 0.00457763671875 -0.01007080078125 00:07:40.8668317
1 -0.09613037109375 0.075653076171875 -0.017425537109375 00:07:40.9018779
1 -0.09423828125 0.07440185546875 -0.017333984375 00:07:40.9612601
2 -0.119140625 0.03192138671875 -0.0162353515625 00:07:40.9752641
3 -0.115478515625 0.003936767578125 -0.01055908203125 00:07:40.9862710
2 -0.11572265625 0.025146484375 -0.014373779296875 00:07:41.0358215
1 -0.093292236328125 0.075592041015625 -0.019866943359375 00:07:41.0820363
3 -0.1160888671875 0.004974365234375 -0.0096435546875 00:07:41.1070570
3 -0.1156005859375 0.005126953125 -0.011199951171875 00:07:41.1671055
1 -0.0947265625 0.07647705078125 -0.01849365234375 00:07:41.2011296
1 -0.095672607421875 0.07086181640625 -0.020538330078125 00:07:41.2620771
3 -0.116119384765625 0.003448486328125 -0.01068115234375 00:07:41.2871068
3 -0.11639404296875 0.00408935546875 -0.010009765625 00:07:41.4662089
1 -0.0987548828125 0.07098388671875 -0.022216796875 00:07:41.5012359
2 -0.11883544921875 0.02496337890625 -0.016082763671875 00:07:41.3351357
3 -0.1168212890625 0.0037841796875 -0.0101318359375 00:07:41.4672101
2 -0.119873046875 0.022186279296875 -0.01458740234375 00:07:41.6357641
3 -0.1153564453125 0.003570556640625 -0.009765625 00:07:41.5862281
3 -0.1160888671875 0.003936767578125 -0.01055908203125 00:07:41.7068303
1 -0.098876953125 0.069122314453125 -0.023681640625 00:07:41.5611860
1 -0.098480224609375 0.06646728515625 -0.023468017578125 00:07:41.6817989
2 -0.11993408203125 0.02093505859375 -0.014862060546875 00:07:41.7553552
1 -0.098968505859375 0.067413330078125 -0.0250244140625 00:07:41.8013879
3 -0.115875244140625 0.00408935546875 -0.00994873046875 00:07:41.8267900
1 -0.09893798828125 0.06805419921875 -0.02423095703125 00:07:41.8621989
2 -0.121368408203125 0.022735595703125 -0.0130615234375 00:07:41.8752081
2 -0.1202392578125 0.019378662109375 -0.014801025390625 00:07:41.9354393
1 -0.099761962890625 0.06640625 -0.024078369140625 00:07:41.9814663
3 -0.115966796875 0.00408935546875 -0.009735107421875 00:07:42.0064840
2 -0.120391845703125 0.02008056640625 -0.01605224609375 00:07:42.0555252
3 -0.11724853515625 0.003387451171875 -0.010589599609375 00:07:42.0665330
1 -0.10028076171875 0.063323974609375 -0.025634765625 00:07:42.1015574
1 -0.100250244140625 0.061981201171875 -0.0272216796875 00:07:42.1616183
2 -0.12286376953125 0.022125244140625 -0.015167236328125 00:07:42.1756141
3 -0.115997314453125 0.005218505859375 -0.010406494140625 00:07:42.1866219
3 0 0 0 00:07:42.2476720
1 0 0 0 00:07:42.2816641
