1 0 0 0 00:23:35.6611067
1 -0.1148681640625 0.031524658203125 -0.02642822265625 00:23:35.7206536
2 0 0 0 00:23:35.7936105
1 -0.113739013671875 0.0303955078125 -0.02545166015625 00:23:35.8399288
2 -0.109344482421875 -0.017242431640625 -0.051177978515625 00:23:35.9142477
1 -0.1136474609375 0.030242919921875 -0.025238037109375 00:23:36.0203036
2 -0.108856201171875 -0.016998291015625 -0.051361083984375 00:23:36.0338559
1 -0.115203857421875 0.030426025390625 -0.02471923828125 00:23:36.0803722
1 -0.1151123046875 0.0313720703125 -0.025787353515625 00:23:36.1405636
2 -0.10845947265625 -0.01763916015625 -0.051666259765625 00:23:36.1542489
3 -0.1165771484375 0.006378173828125 -0.008514404296875 00:23:36.1655877
2 -0.10821533203125 -0.016754150390625 -0.051605224609375 00:23:36.2143103
2 -0.109100341796875 -0.017120361328125 -0.051605224609375 00:23:36.3342867
1 -0.114471435546875 0.03076171875 -0.0255126953125 00:23:36.3804314
3 -0.115631103515625 0.005828857421875 -0.00897216796875 00:23:36.4051254
1 -0.114166259765625 0.030487060546875 -0.025421142578125 00:23:36.4402426
2 -0.108917236328125 -0.017242431640625 -0.051300048828125 00:23:36.4542516
2 -0.108673095703125 -0.01739501953125 -0.05126953125 00:23:36.5142938
1 -0.114837646484375 0.030487060546875 -0.02606201171875 00:23:36.5604944
3 -0.116180419921875 0.0059814453125 -0.008514404296875 00:23:36.5851187
3 -0.1158447265625 0.00604248046875 -0.008575439453125 00:23:36.5861335
2 -0.108551025390625 -0.017608642578125 -0.05181884765625 00:23:36.6342270
1 -0.114990234375 0.030303955078125 -0.025482177734375 00:23:36.6797465
3 -0.116302490234375 0.005462646484375 -0.008148193359375 00:23:36.7047783
2 -0.108917236328125 -0.017333984375 -0.05157470703125 00:23:36.7538267
1 -0.1143798828125 0.03009033203125 -0.025238037109375 00:23:36.7398211
2 -0.108642578125 -0.0179443359375 -0.052398681640625 00:23:36.8135105
1 -0.1146240234375 0.029815673828125 -0.024871826171875 00:23:36.8602192
2 -0.10821533203125 -0.017486572265625 -0.051910400390625 00:23:36.9343893
1 -0.115081787109375 0.030609130859375 -0.0263671875 00:23:36.9804249
3 -0.116180419921875 0.005096435546875 -0.008575439453125 00:23:37.0054828
2 -0.108734130859375 -0.017303466796875 -0.052154541015625 00:23:37.0542819
3 -0.115875244140625 0.00506591796875 -0.007965087890625 00:23:37.0648907
1 -0.1141357421875 0.03045654296875 -0.025482177734375 00:23:37.1005527
2 -0.108367919921875 -0.0186767578125 -0.051910400390625 00:23:37.1135679
1 -0.11474609375 0.03009033203125 -0.02532958984375 00:23:37.1602138
3 -0.115814208984375 0.005523681640625 -0.00848388671875 00:23:37.1850849
2 -0.1085205078125 -0.017974853515625 -0.052093505859375 00:23:37.2342659
1 -0.114898681640625 0.030731201171875 -0.025848388671875 00:23:37.2804024
1 -0.1146240234375 0.03094482421875 -0.02484130859375 00:23:37.3399454
2 -0.108551025390625 -0.017852783203125 -0.051849365234375 00:23:37.3539412
2 -0.1085205078125 -0.017791748046875 -0.0516357421875 00:23:37.4139740
1 -0.114898681640625 0.030120849609375 -0.025543212890625 00:23:37.4610163
3 -0.116058349609375 0.005950927734375 -0.008270263671875 00:23:37.4850333
2 -0.10833740234375 -0.017608642578125 -0.051483154296875 00:23:37.5342250
1 -0.11505126953125 0.0306396484375 -0.0257568359375 00:23:37.5810915
1 -0.115203857421875 0.03082275390625 -0.02587890625 00:23:37.6405494
2 -0.10894775390625 -0.017608642578125 -0.051910400390625 00:23:37.6540701
3 -0.11614990234375 0.0052490234375 -0.009124755859375 00:23:37.6650792
3 -0.115478515625 0.00616455078125 -0.009002685546875 00:23:37.6660688
2 -0.10906982421875 -0.017364501953125 -0.052459716796875 00:23:37.7134028
1 -0.114288330078125 0.030364990234375 -0.0255126953125 00:23:37.7605584
3 -0.116180419921875 0.005279541015625 -0.00823974609375 00:23:37.7849997
2 -0.10858154296875 -0.01837158203125 -0.05145263671875 00:23:37.8344172
1 -0.11456298828125 0.030975341796875 -0.026092529296875 00:23:37.8800923
3 -0.116241455078125 0.0059814453125 -0.0081787109375 00:23:37.9051121
2 -0.108123779296875 -0.017730712890625 -0.051849365234375 00:23:37.9535306
2 -0.10809326171875 -0.019012451171875 -0.052154541015625 00:23:38.0136672
1 -0.115081787109375 0.030548095703125 -0.026275634765625 00:23:38.0599415
3 -0.11566162109375 0.005645751953125 -0.008575439453125 00:23:38.0849045
2 -0.108001708984375 -0.018157958984375 -0.0526123046875 00:23:38.1342681
1 -0.11474609375 0.02923583984375 -0.025543212890625 00:23:38.1804940
3 -0.115386962890625 0.00537109375 -0.0087890625 00:23:38.2055139
3 -0.115692138671875 0.005340576171875 -0.0084228515625 00:23:38.2650838
2 -0.109893798828125 -0.0186767578125 -0.05487060546875 00:23:38.2540769
1 -0.11810302734375 0.03338623046875 -0.02825927734375 00:23:38.3003092
2 -0.107086181640625 -0.023040771484375 -0.067413330078125 00:23:38.3143230
1 -0.125152587890625 0.03497314453125 -0.063720703125 00:23:38.3599652
3 -0.115875244140625 0.00543212890625 -0.00909423828125 00:23:38.3850111
2 -0.12554931640625 -0.080169677734375 -0.077667236328125 00:23:38.4341036
1 -0.189605712890625 0.02978515625 -0.024078369140625 00:23:38.4799699
3 -0.11614990234375 0.005767822265625 -0.00823974609375 00:23:38.5050526
1 -0.189208984375 0.00238037109375 -0.022918701171875 00:23:38.5417705
2 -0.141387939453125 -0.094146728515625 -0.054534912109375 00:23:38.5537572
3 -0.114990234375 0.0057373046875 -0.00775146484375 00:23:38.5647663
2 -0.119354248046875 -0.034698486328125 -0.046783447265625 00:23:38.6142000
1 -0.129119873046875 0.017730712890625 -0.097900390625 00:23:38.6605692
3 -0.115997314453125 0.005462646484375 -0.009063720703125 00:23:38.6852136
2 -0.0474853515625 9.1552734375E-05 -0.065093994140625 00:23:38.7339443
1 -0.064910888671875 0.0787353515625 -0.07830810546875 00:23:38.7805469
1 -0.05950927734375 0.0562744140625 -0.058563232421875 00:23:38.8404445
2 0.01513671875 0.0562744140625 -0.0487060546875 00:23:38.8534541
2 0.0367431640625 0.110687255859375 -0.073883056640625 00:23:38.9134941
1 0.03082275390625 0.011627197265625 0.030792236328125 00:23:38.9605659
3 -0.11578369140625 0.005126953125 -0.008544921875 00:23:38.9856418
2 0.019561767578125 0.09222412109375 -0.091522216796875 00:23:39.0342960
1 0.057220458984375 -0.051849365234375 -0.04522705078125 00:23:39.0804680
3 -0.115997314453125 0.00579833984375 -0.0081787109375 00:23:39.1055392
1 0.07501220703125 -0.08563232421875 -0.021209716796875 00:23:39.1400542
2 0.03582763671875 0.0751953125 -0.12127685546875 00:23:39.1540535
3 -0.116058349609375 0.0054931640625 -0.008514404296875 00:23:39.1650553
2 0.024322509765625 0.06549072265625 -0.070953369140625 00:23:39.2143415
1 0.0794677734375 -0.149871826171875 -0.025054931640625 00:23:39.2612204
3 -0.115966796875 0.005218505859375 -0.009429931640625 00:23:39.2852374
2 0.028778076171875 0.11065673828125 -0.091705322265625 00:23:39.3343030
1 0.12445068359375 0.073577880859375 -0.03955078125 00:23:39.3797352
3 -0.115936279296875 0.00592041015625 -0.0081787109375 00:23:39.4047751
2 0.02337646484375 0.08984375 -0.10205078125 00:23:39.4534425
2 0.019012451171875 0.060455322265625 -0.050384521484375 00:23:39.5140718
1 0.07208251953125 -0.11236572265625 -0.0120849609375 00:23:39.5596451
3 -0.115753173828125 0.005279541015625 -0.009185791015625 00:23:39.5846778
2 0.03070068359375 0.126007080078125 -0.10693359375 00:23:39.6343664
1 0.114898681640625 -0.011383056640625 0.02783203125 00:23:39.6805025
3 -0.115875244140625 0.0057373046875 -0.008575439453125 00:23:39.7649363
3 -0.115875244140625 0.0054931640625 -0.00860595703125 00:23:39.7658810
2 0.0350341796875 0.091400146484375 -0.075042724609375 00:23:39.8136914
2 0.023284912109375 0.08001708984375 -0.08697509765625 00:23:39.8146369
1 0.04034423828125 -0.225128173828125 -0.028350830078125 00:23:39.8598792
3 -0.1160888671875 0.0057373046875 -0.008880615234375 00:23:39.8851647
1 0.083953857421875 -0.04388427734375 0.0230712890625 00:23:39.9202408
2 0.0250244140625 0.106689453125 -0.114013671875 00:23:39.9342695
1 0.117645263671875 -0.026397705078125 -0.015472412109375 00:23:39.9797599
3 -0.115875244140625 0.005096435546875 -0.00872802734375 00:23:40.0048721
1 0.0606689453125 -0.210479736328125 -0.063079833984375 00:23:40.0399936
2 0.0380859375 0.083587646484375 -0.043243408203125 00:23:40.0543204
3 -0.11602783203125 0.006378173828125 -0.00921630859375 00:23:40.0653308
2 0.03033447265625 0.093170166015625 -0.1015625 00:23:40.1142394
1 0.11407470703125 -0.0179443359375 0.036651611328125 00:23:40.1604892
3 -0.11578369140625 0.005218505859375 -0.008758544921875 00:23:40.1848180
2 0.0233154296875 0.104644775390625 -0.100311279296875 00:23:40.2341435
3 -0.115447998046875 0.006103515625 -0.008148193359375 00:23:40.3050245
1 0.110076904296875 -0.040435791015625 -0.024017333984375 00:23:40.3400485
3 -0.115966796875 0.005340576171875 -0.009002685546875 00:23:40.3650718
2 0.0289306640625 0.066131591796875 -0.030975341796875 00:23:40.3540618
1 0.06854248046875 -0.168731689453125 -0.052642822265625 00:23:40.4000936
1 0.105712890625 -0.020050048828125 0.05535888671875 00:23:40.4601426
3 -0.1160888671875 0.0054931640625 -0.008392333984375 00:23:40.4851603
2 0.010101318359375 0.101226806640625 -0.075775146484375 00:23:40.5348352
1 0.08148193359375 -0.11383056640625 -0.02947998046875 00:23:40.5805125
3 -0.116119384765625 0.005401611328125 -0.00909423828125 00:23:40.6050333
1 0.08404541015625 -0.101348876953125 -0.028656005859375 00:23:40.6405533
3 -0.115997314453125 0.005096435546875 -0.008087158203125 00:23:40.6651506
2 0.020599365234375 0.07403564453125 -0.05096435546875 00:23:40.6541420
2 0.018798828125 0.116851806640625 -0.104522705078125 00:23:40.7142517
1 0.112762451171875 -0.00836181640625 0.03546142578125 00:23:40.7606196
3 -0.115264892578125 0.00579833984375 -0.00872802734375 00:23:40.7853978
2 0.0126953125 0.0965576171875 -0.062164306640625 00:23:40.8343620
1 0.077728271484375 -0.144744873046875 -0.041046142578125 00:23:40.8798784
3 -0.116119384765625 0.005523681640625 -0.008148193359375 00:23:40.9048974
1 0.08868408203125 -0.079925537109375 -0.005096435546875 00:23:40.9404247
2 0.0211181640625 0.093292236328125 -0.058013916015625 00:23:40.9543350
3 -0.1158447265625 0.005645751953125 -0.007904052734375 00:23:40.9653424
2 0.014007568359375 0.090118408203125 -0.117584228515625 00:23:41.0143874
1 0.106842041015625 -0.0166015625 0.02276611328125 00:23:41.0597982
3 -0.11590576171875 0.005523681640625 -0.00836181640625 00:23:41.0857799
2 0.022705078125 0.088531494140625 -0.04412841796875 00:23:41.1343113
1 0.079376220703125 -0.1575927734375 -0.061859130859375 00:23:41.1798709
1 0.0914306640625 -0.06329345703125 -0.01300048828125 00:23:41.2405049
2 0.021514892578125 0.098175048828125 -0.081695556640625 00:23:41.2536437
3 -0.11627197265625 0.00543212890625 -0.008209228515625 00:23:41.2646382
3 -0.115936279296875 0.005828857421875 -0.0086669921875 00:23:41.2656381
2 0.0135498046875 0.088287353515625 -0.090728759765625 00:23:41.3137482
1 0.100555419921875 -0.0303955078125 -0.000152587890625 00:23:41.3605207
2 0.00921630859375 0.092559814453125 -0.065185546875 00:23:41.4342939
1 0.0928955078125 -0.040252685546875 -0.028228759765625 00:23:41.5404161
1 0.0799560546875 -0.073577880859375 -0.04229736328125 00:23:41.5408951
3 -0.115814208984375 0.005889892578125 -0.008544921875 00:23:41.5650943
3 -0.1160888671875 0.005889892578125 -0.008697509765625 00:23:41.5660958
2 -0.0274658203125 0.083831787109375 -0.069976806640625 00:23:41.6141282
1 0.07244873046875 -0.040435791015625 -0.051239013671875 00:23:41.6602369
3 -0.115478515625 0.00537109375 -0.008697509765625 00:23:41.6856113
2 -0.0457763671875 0.100738525390625 -0.071380615234375 00:23:41.7342907
1 0.079315185546875 0.00860595703125 -0.028228759765625 00:23:41.7805465
1 0.060638427734375 0.056884765625 -0.00244140625 00:23:41.8401798
2 -0.053497314453125 0.1182861328125 -0.07989501953125 00:23:41.8536427
3 -0.11627197265625 0.005645751953125 -0.008697509765625 00:23:41.8656508
3 -0.115875244140625 0.005523681640625 -0.008148193359375 00:23:41.8646497
2 -0.054931640625 0.090118408203125 -0.08013916015625 00:23:41.9136896
1 0.005615234375 0.13824462890625 0.02777099609375 00:23:41.9597671
3 -0.11614990234375 0.00506591796875 -0.00799560546875 00:23:41.9847660
2 -0.09979248046875 0.067596435546875 -0.069244384765625 00:23:42.0342528
1 -0.033477783203125 0.1734619140625 0.000213623046875 00:23:42.0801263
1 -0.068084716796875 0.136688232421875 -0.03216552734375 00:23:42.1407338
3 -0.11376953125 0.0059814453125 -0.0084228515625 00:23:42.1654744
2 -0.09967041015625 -0.0042724609375 -0.0533447265625 00:23:42.2135028
1 -0.1224365234375 0.06231689453125 -0.0264892578125 00:23:42.2600581
3 -0.115692138671875 0.005584716796875 -0.008575439453125 00:23:42.2850758
1 0 0 0 00:23:42.3206394
2 0 0 0 00:23:42.3347195
3 0 0 0 00:23:42.3460711
